Confusion Matrix
[[7 0 0 0 0 0 0 0 0]
 [2 6 0 0 0 0 0 0 0]
 [0 0 8 0 0 0 0 0 0]
 [0 0 0 9 0 1 0 0 0]
 [0 0 0 0 6 0 0 0 0]
 [0 0 0 0 0 8 0 0 0]
 [0 2 0 0 0 0 4 0 0]
 [0 0 0 0 0 0 2 9 0]
 [0 0 0 0 0 2 0 0 6]]
Classification Report
              precision    recall  f1-score   support

           0       0.78      1.00      0.88         7
           1       0.75      0.75      0.75         8
           2       1.00      1.00      1.00         8
           3       1.00      0.90      0.95        10
           4       1.00      1.00      1.00         6
           5       0.73      1.00      0.84         8
           6       0.67      0.67      0.67         6
           7       1.00      0.82      0.90        11
           8       1.00      0.75      0.86         8

    accuracy                           0.88        72
   macro avg       0.88      0.88      0.87        72
weighted avg       0.89      0.88      0.88        72